0 Untitled Model
0 Name:  TotalCanzRecall
0 Author:  
1 0 -950.000100 -119.323700 -389.435100 1.000000 0.000000 0.000000 0.000000 1.000000 0.000000 0.000000 0.000000 0.999999 6558.dat
1 72 -970.000100 -119.323500 -348.935000 0.000000 -1.000000 0.000000 0.000000 0.000000 1.000000 -0.999999 0.000000 0.000000 32009.dat
1 0 -870.000000 -118.877000 -429.432400 1.000000 0.000000 0.000000 0.000000 1.000000 0.000000 0.000000 0.000000 0.999999 3708.dat
1 72 -770.000100 -118.991000 -348.936300 0.000000 -1.000000 0.000000 -0.008209 0.000000 0.999966 -0.999965 0.000000 -0.008208 32009.dat
1 71 -915.000100 -118.877000 -429.432400 0.000000 0.000000 -1.000000 0.000000 1.000000 0.000000 0.999999 0.000000 0.000000 32123a.dat
1 71 -825.000000 -118.877000 -429.432300 0.000000 0.000000 -1.000000 0.000000 1.000000 0.000000 0.999999 0.000000 0.000000 32123a.dat
1 71 -840.000000 -118.377000 -429.432300 0.000001 0.000000 -1.000000 0.000000 1.000000 0.000000 0.999999 0.000000 0.000001 3713.dat
1 71 -900.000100 -118.377000 -429.432400 0.000001 0.000000 -1.000000 0.000000 1.000000 0.000000 0.999999 0.000000 0.000001 3713.dat
1 71 -860.000000 -118.377000 -429.432300 0.000001 0.000000 -1.000000 0.000000 1.000000 0.000000 0.999999 0.000000 0.000001 3713.dat
1 151 -810.000000 -78.656350 -448.984500 1.000000 0.000000 0.000000 0.000000 -0.999937 0.011164 0.000000 -0.011164 -0.999936 53787.dat
1 25 -810.000000 -78.656350 -448.984500 -1.000000 0.000000 0.000000 0.000000 0.999938 0.011164 0.000000 0.011164 -0.999937 54725c01.dat
1 47 -810.424100 -122.670400 -216.375200 -1.000000 0.000000 0.000000 0.000000 -0.999938 -0.011165 0.000000 -0.011164 0.999937 x933c01.dat
1 47 -889.299100 -244.185100 -179.631800 -1.000000 0.000000 0.000000 0.000000 -0.999937 -0.011186 0.000000 -0.011186 0.999936 x933c01.dat
1 151 -790.000000 -119.323600 -469.434700 0.000000 -1.000000 -0.000001 -1.000000 0.000001 0.000000 0.000001 0.000000 -0.999999 40490.dat
1 151 -950.000000 -119.323600 -469.434800 0.000000 -1.000000 -0.000001 -1.000000 0.000001 0.000000 0.000001 0.000000 -0.999999 40490.dat
1 151 -930.000000 -78.656350 -448.984600 1.000000 0.000000 0.000000 0.000000 -0.999938 0.011164 0.000000 -0.011164 -0.999937 53787.dat
1 25 -930.000000 -78.656350 -448.984600 -1.000000 0.000000 0.000000 0.000000 0.999938 0.011164 0.000000 0.011164 -0.999937 54725c01.dat
1 47 -930.424100 -122.670400 -216.375200 -1.000000 0.000000 0.000000 0.000000 -0.999938 -0.011165 0.000000 -0.011164 0.999937 x933c01.dat
1 47 -927.299100 -244.185100 -179.631800 -1.000000 0.000000 0.000000 0.000000 -0.999937 -0.011186 0.000000 -0.011186 0.999936 x933c01.dat
1 0 -790.000000 -119.323700 -389.435000 -1.000000 0.000000 0.000000 0.000000 -1.000000 0.000000 0.000000 0.000000 0.999999 6558.dat
1 0 -870.000100 -159.323600 -509.435000 -1.000000 0.000000 0.000000 0.000000 1.000000 0.000000 0.000000 0.000000 -0.999999 6558.dat
1 0 -978.000000 -78.656350 -448.984700 -1.000000 0.000000 0.000000 0.000000 -0.999938 -0.011166 0.000000 -0.011166 0.999937 3737.dat
1 71 -1030.000000 -78.656350 -448.984600 0.000000 0.000000 1.000000 0.999957 -0.009137 0.000000 0.009136 0.999957 0.000000 56145.dat
1 0 -1030.000000 -78.608740 -448.486900 0.000000 0.000000 -1.000000 -0.995464 0.095130 0.000000 0.095131 0.995464 0.000000 55976.dat
1 71 -1060.001000 -78.176550 -448.980200 -0.000005 -0.002022 0.999998 0.009141 0.999956 0.002022 -0.999957 0.009141 0.000018 3713.dat
1 71 -890.001000 -78.176550 -448.980300 -0.000005 -0.002022 0.999998 0.009141 0.999956 0.002022 -0.999957 0.009141 0.000018 3713.dat
1 71 -1025.000000 -78.646250 -448.984600 -0.000004 -0.002022 -0.999998 0.009143 -0.999956 0.002022 -0.999957 -0.009142 0.000018 32123a.dat
1 0 -762.000000 -78.656440 -448.984500 1.000000 0.000000 0.000000 0.000000 0.999957 -0.009135 0.000000 0.009135 0.999957 3737.dat
1 71 -675.999100 -79.136150 -448.989800 0.000005 0.002022 -0.999998 0.011160 -0.999935 -0.002022 -0.999937 -0.011160 -0.000023 3713.dat
1 71 -708.000000 -78.656440 -448.984500 0.000000 0.000000 -1.000000 -0.999938 -0.011165 0.000000 -0.011165 0.999936 0.000000 56145.dat
1 0 -708.000000 -78.714060 -448.487800 0.000000 0.000000 1.000000 0.993329 -0.115319 0.000000 0.115319 0.993328 0.000000 55976.dat
1 71 -849.999100 -79.136150 -448.989800 0.000005 0.002022 -0.999998 0.011160 -0.999935 -0.002022 -0.999937 -0.011160 -0.000023 3713.dat
1 71 -713.000000 -78.666540 -448.984600 0.000004 0.002022 0.999998 0.011159 0.999935 -0.002022 -0.999937 0.011158 -0.000023 32123a.dat
1 0 -740.000000 -78.656440 -448.984500 1.000000 0.000000 0.000000 0.000000 1.000000 0.000000 0.000000 0.000000 0.999999 75535.dat
1 0 -770.000000 -78.656350 -448.984500 0.000000 1.000000 0.000001 -0.999120 0.000001 0.041935 0.041935 0.000000 0.999119 32523.dat
1 0 -970.000000 -78.656350 -448.984600 0.000000 -1.000000 -0.000001 0.998063 -0.000001 -0.062209 0.062209 -0.000001 0.998062 32523.dat
1 0 -1000.000000 -78.656350 -448.984600 1.000000 0.000000 0.000000 0.000000 1.000000 0.000000 0.000000 0.000000 0.999999 75535.dat
1 0 -950.000000 -81.001170 -238.997900 0.000000 -0.238282 0.971196 -0.011182 -0.971135 -0.238267 0.999937 -0.010860 -0.002665 2780.dat
1 151 -870.000100 -81.112740 -228.998600 0.000001 0.000000 -1.000000 -0.999938 -0.011171 0.000000 -0.011171 0.999937 0.000001 40490.dat
1 0 -910.000000 -81.001170 -238.997900 0.000000 0.489299 0.872116 -0.011182 -0.872062 0.489269 0.999937 -0.009752 0.005471 2780.dat
1 0 -790.000000 -81.001050 -238.997900 0.000000 -0.610091 0.792331 0.011177 0.792282 0.610053 -0.999937 0.008856 0.006819 2780.dat
1 72 -890.000100 -141.556300 -189.672100 -1.000000 0.000001 0.000000 0.000000 -0.999938 -0.011183 -0.000001 -0.011183 0.999936 32316.dat
1 71 -890.000100 -121.334000 -209.447100 -1.000000 0.000000 0.000000 0.000000 -0.999938 -0.011182 0.000000 -0.011182 0.999937 55615.dat
1 0 -870.000000 -121.334000 -209.447100 -1.000000 0.000000 0.000000 0.000000 -0.011182 0.999938 0.000000 0.999937 0.011182 18651.dat
1 72 -850.000000 -141.556400 -189.672100 -1.000000 0.000001 0.000000 0.000000 -0.999938 -0.011183 -0.000001 -0.011183 0.999936 32316.dat
1 71 -850.000000 -121.334000 -209.447100 -1.000000 0.000000 0.000000 0.000000 -0.999938 -0.011182 0.000000 -0.011182 0.999937 55615.dat
1 0 -850.000000 -151.108500 -229.781300 0.000000 -1.000000 0.000000 0.999938 0.000000 -0.011183 0.011183 0.000000 0.999937 2780.dat
1 72 -850.000000 -161.778800 -169.896900 1.000000 -0.000001 0.000000 0.000000 -0.999938 0.011183 -0.000001 -0.011183 -0.999936 32140.dat
1 0 -850.000000 -161.555100 -189.895600 0.000000 -1.000000 0.000000 0.999938 0.000000 -0.011182 0.011182 0.000000 0.999937 6558.dat
1 151 -870.000000 -170.212400 -310.000000 1.000000 0.000000 0.000000 0.000000 0.999938 -0.011185 0.000000 0.011185 0.999938 53788.dat
1 47 -926.176000 -241.152000 -442.288900 1.000000 0.000000 0.000000 0.000000 -0.999937 0.011185 0.000000 -0.011185 -0.999936 x933c01.dat
1 47 -950.610400 -156.130600 -569.924400 1.000000 0.000000 0.000000 0.000000 1.000000 0.000000 0.000000 0.000000 0.999999 x933c01.dat
1 47 -850.176000 -241.152100 -442.288900 1.000000 0.000000 0.000000 0.000000 -0.999937 0.011185 0.000000 -0.011185 -0.999936 x933c01.dat
1 47 -849.695600 -140.823600 -586.241600 1.000000 0.000000 0.000000 0.000000 0.000000 -1.000000 0.000000 0.999999 0.000000 x933c01.dat
1 47 -812.175900 -241.152000 -442.288900 1.000000 0.000000 0.000000 0.000000 -0.999937 0.011185 0.000000 -0.011185 -0.999936 x933c01.dat
1 47 -869.626100 -196.023500 -507.935000 1.000000 0.000000 0.000000 0.000000 1.000000 0.000000 0.000000 0.000000 0.999999 x933c01.dat
1 0 -890.000100 -161.555100 -189.895600 0.000000 -1.000000 0.000000 0.999938 0.000000 -0.011182 0.011182 0.000000 0.999937 6558.dat
1 72 -890.000100 -161.778700 -169.897000 -1.000000 0.000001 0.000000 0.000000 0.999938 0.011182 -0.000001 0.011182 -0.999936 32140.dat
1 0 -890.000100 -151.108400 -229.781300 0.000000 -1.000000 0.000000 0.999938 0.000000 -0.011183 0.011183 0.000000 0.999937 2780.dat
1 0 -780.000000 -259.759300 -351.004000 1.000000 0.000000 0.000000 0.000000 -0.960354 -0.278780 0.000000 0.278780 -0.960354 2780.dat
1 0 -960.000000 -219.761800 -350.556600 1.000000 0.000000 0.000000 0.000000 -0.960354 -0.278780 0.000000 0.278780 -0.960354 2780.dat
1 0 -780.000000 -219.761800 -350.556600 1.000000 0.000000 0.000000 0.000000 -0.960354 -0.278780 0.000000 0.278780 -0.960354 2780.dat
1 0 -960.000000 -259.759300 -351.004000 1.000000 0.000000 0.000000 0.000000 -0.960354 -0.278780 0.000000 0.278780 -0.960354 2780.dat
1 0 -850.000000 -142.003700 -149.674600 0.000000 0.000000 -1.000000 -0.999938 -0.011182 0.000000 -0.011182 0.999936 0.000000 6558.dat
1 72 -870.000100 -122.004900 -149.450900 0.000001 0.000000 -1.000000 -0.011182 0.999938 0.000001 0.999936 0.011182 0.000000 32523.dat
1 72 -870.000100 -162.002400 -149.898200 0.000001 0.000000 -1.000000 0.011182 -0.999938 -0.000001 -0.999936 -0.011182 0.000000 32523.dat
1 0 -890.000100 -142.003700 -149.674600 0.000000 0.000000 -1.000000 -0.999938 -0.011182 0.000000 -0.011182 0.999936 0.000000 6558.dat
1 0 -870.000000 -81.336560 -208.999800 -1.000000 0.000000 0.000000 0.000000 -0.011182 0.999938 0.000000 0.999937 0.011182 18651.dat
1 72 -870.000000 -141.332800 -209.670700 0.000000 -1.000000 0.000001 0.011183 0.000000 0.999938 -0.999936 0.000001 0.011183 32526.dat
1 0 -870.000100 -60.890550 -248.773500 -1.000000 0.000000 0.000000 0.000000 -0.011182 0.999938 0.000000 0.999937 0.011182 18651.dat
1 72 -850.000100 -61.114140 -228.774900 0.000000 -1.000000 -0.000001 -0.999938 0.000001 0.011182 -0.011182 0.000000 -0.999936 32523.dat
1 0 -870.000000 -61.337840 -208.776100 -1.000000 0.000000 0.000000 0.000000 -0.011182 0.999938 0.000000 0.999937 0.011182 18651.dat
1 72 -890.000100 -61.114140 -228.774900 0.000000 -1.000000 -0.000001 -0.999938 0.000001 0.011182 -0.011182 0.000000 -0.999936 32523.dat
1 0 -830.000000 -81.001050 -238.997900 0.000000 0.376302 -0.926497 -0.011177 0.926439 0.376279 0.999937 0.010356 0.004206 2780.dat
1 0 -960.000000 -119.323600 -549.435100 1.000000 0.000000 0.000000 0.000000 -0.971196 -0.238282 0.000000 0.238282 -0.971196 2780.dat
1 0 -950.000100 -89.323730 -549.434900 0.000000 -0.999557 -0.029779 -1.000000 0.000000 0.000000 0.000000 0.029779 -0.999556 2780.dat
1 1 -999.725500 -69.323650 -624.317100 0.000000 0.581550 0.813511 -1.000000 0.000000 0.000000 0.000000 -0.813511 0.581550 43093.dat
1 72 -999.725500 -79.323740 -624.317400 -0.581550 0.000001 0.813511 0.000000 -1.000000 0.000001 0.813511 0.000000 0.581550 32348.dat
1 1 -950.000000 -89.323730 -529.434900 0.000000 0.000000 -1.000000 1.000000 0.000000 0.000000 0.000000 -0.999999 0.000000 43093.dat
1 72 -1017.368000 -59.323880 -695.932300 0.999738 -0.000001 0.022869 0.000000 1.000000 -0.000001 -0.022869 0.000000 0.999737 32348.dat
1 1 -967.184900 -69.323870 -601.055100 0.000000 0.813510 0.581550 1.000000 0.000000 0.000000 0.000000 0.581550 -0.813511 43093.dat
1 72 -970.000000 -99.323630 -539.435000 0.000000 0.000000 1.000000 0.000000 -1.000000 0.000000 0.999999 0.000000 0.000000 32291.dat
1 0 -970.000000 -99.323630 -539.435000 0.000000 0.000000 -1.000000 0.000000 1.000000 0.000000 0.999999 0.000000 0.000000 32062.dat
1 71 -970.000000 -99.323720 -539.435000 0.000000 0.000000 -1.000000 0.000000 -1.000000 0.000000 -0.999999 0.000000 0.000000 41678.dat
1 0 -950.457500 -89.323730 -569.429700 0.000000 0.872116 -0.489299 1.000000 0.000000 0.000000 0.000000 -0.489299 -0.872116 2780.dat
1 71 -930.914800 -99.323840 -579.424300 0.000000 0.000000 1.000000 0.000000 -1.000000 0.000000 0.999999 0.000000 0.000000 41678.dat
1 0 -930.914800 -99.323720 -579.424300 0.000000 0.000000 -1.000000 0.000000 1.000000 0.000000 0.999999 0.000000 0.000000 32062.dat
1 72 -930.914800 -99.323630 -581.424300 0.000000 0.000000 1.000000 0.000000 -1.000000 0.000000 0.999999 0.000000 0.000000 32291.dat
1 0 -950.914800 -89.323730 -589.424400 0.000000 0.872116 -0.489299 1.000000 0.000000 0.000000 0.000000 -0.489299 -0.872116 2780.dat
1 0 -940.914800 -119.323600 -571.424300 1.000000 0.000000 0.000000 0.000000 0.999557 -0.029779 0.000000 0.029779 0.999556 2780.dat
1 151 -950.914800 -119.323600 -591.424300 1.000000 0.000000 0.000000 0.000000 1.000000 0.000000 0.000000 0.000000 0.999999 64892.dat
1 0 -940.914800 -119.323600 -591.424300 1.000000 0.000000 0.000000 0.000000 1.000000 0.000000 0.000000 0.000000 0.999999 2780.dat
1 0 -1016.453000 -69.323870 -655.942700 0.000000 -0.581550 0.813511 1.000000 0.000000 0.000000 0.000000 0.813511 0.581550 2780.dat
1 135 -1016.224000 -79.323740 -645.945600 0.999739 0.000001 0.022868 0.000000 1.000000 -0.000001 -0.022868 0.000000 0.999738 50914.dat
1 0 -1015.996000 -69.323750 -635.948100 0.000000 -0.581550 0.813511 1.000000 0.000000 0.000000 0.000000 0.813511 0.581550 2780.dat
1 0 -960.000000 -119.323700 -529.435000 1.000000 0.000000 0.000000 0.000000 1.000000 0.000000 0.000000 0.000000 0.999999 2780.dat
1 0 -1016.910000 -49.323760 -675.937700 0.000000 -0.756312 0.654211 1.000000 0.000000 0.000000 0.000000 0.654211 0.756312 2780.dat
1 15 -876.910400 -39.323880 -675.937600 -0.000001 0.000000 1.000001 0.000000 1.000000 0.000001 -0.999999 0.000001 -0.000001 32278.dat
1 0 -800.000000 -119.323600 -529.434900 1.000000 0.000000 0.000000 0.000000 0.899621 -0.436671 0.000000 0.436671 0.899622 2780.dat
1 0 -790.000200 -89.323640 -553.434800 0.000000 -0.581550 0.813511 1.000000 0.000000 0.000000 0.000000 0.813511 0.581550 2780.dat
1 1 -742.268900 -69.323650 -629.603900 0.000000 -0.797876 -0.602821 -1.000000 0.000000 0.000000 0.000000 0.602821 -0.797876 43093.dat
1 72 -742.268900 -79.323650 -629.603900 0.602821 -0.000001 -0.797877 0.000000 1.000000 -0.000001 0.797877 0.000000 0.602821 32348.dat
1 1 -789.929700 -89.323640 -533.435000 0.000000 -0.003531 -0.999994 1.000000 0.000000 0.000000 0.000000 -0.999993 0.003531 43093.dat
1 1 -774.183800 -69.323650 -605.491100 0.000000 0.797876 -0.602821 1.000000 0.000000 0.000000 0.000000 -0.602821 -0.797876 43093.dat
1 72 -774.183800 -59.323660 -605.491300 -0.602821 0.000001 0.797877 0.000000 1.000000 -0.000001 -0.797877 0.000000 -0.602821 32348.dat
1 71 -810.000000 -99.323630 -539.434900 0.000000 1.000000 0.000000 0.000000 0.000000 1.000000 0.999999 0.000000 0.000000 41678.dat
1 0 -810.000000 -99.323630 -541.434900 0.000000 -1.000000 0.000000 0.000000 0.000000 1.000000 -0.999999 0.000000 0.000000 32062.dat
1 72 -810.000100 -99.323630 -543.435000 0.000000 1.000000 0.000000 0.000000 0.000000 1.000000 0.999999 0.000000 0.000000 32291.dat
1 0 -726.381900 -69.323650 -661.660200 0.000000 0.602821 -0.797876 -1.000000 0.000000 0.000000 0.000000 0.797876 0.602821 2780.dat
1 135 -726.346700 -79.323650 -651.660200 -0.999994 -0.000001 0.003530 0.000000 -1.000000 0.000001 0.003529 0.000000 0.999993 50914.dat
1 0 -726.311300 -69.323650 -641.660300 0.000000 0.602821 -0.797876 -1.000000 0.000000 0.000000 0.000000 0.797876 0.602821 2780.dat
1 0 -726.452500 -49.323760 -681.660200 0.000000 -0.999557 -0.029779 -1.000000 0.000000 0.000000 0.000000 0.029779 -0.999556 2780.dat
1 0 -810.000000 -119.323600 -549.434800 1.000000 0.000000 0.000000 0.000000 1.000000 0.000000 0.000000 0.000000 0.999999 6558.dat
1 151 -850.000000 -123.323600 -549.434800 1.000000 0.000000 0.000000 0.000000 0.000000 -1.000000 0.000000 0.999999 0.000000 55969.dat
1 71 -852.000000 -139.323700 -549.434800 1.000000 0.000000 0.000000 0.000000 1.000000 0.000000 0.000000 0.000000 0.999999 4519.dat
1 0 -835.000000 -99.323720 -549.434800 0.000000 1.000000 0.000000 -1.000000 0.000000 0.000000 0.000000 0.000000 0.999999 2905.dat
1 71 -850.000100 -59.323750 -549.434800 1.000000 0.000000 0.000000 0.000000 1.000000 0.000000 0.000000 0.000000 0.999999 4519.dat
1 0 -865.000100 -99.323720 -549.434800 0.000000 1.000000 0.000000 -1.000000 0.000000 0.000000 0.000000 0.000000 0.999999 2905.dat
1 0 -850.000000 -99.323720 -549.434800 1.000000 0.000000 0.000000 0.000000 1.000000 0.000000 0.000000 0.000000 0.999999 6558.dat
1 72 -850.000100 -99.323630 -509.435000 0.000000 1.000000 -0.000001 -0.000001 0.000000 -1.000000 -0.999999 0.000001 0.000000 32140.dat
1 71 -834.000200 -99.323630 -509.435000 1.000000 0.000000 0.000000 0.000000 1.000000 0.000000 0.000000 0.000000 0.999999 32073.dat
1 71 -789.000200 -99.323630 -509.435000 0.000000 0.000000 -1.000000 0.000000 1.000000 0.000000 0.999999 0.000000 0.000000 32123a.dat
1 71 -825.000200 -99.323630 -509.435000 0.000000 0.000000 -1.000000 0.000000 1.000000 0.000000 0.999999 0.000000 0.000000 32123a.dat
1 71 -875.000200 -99.323630 -509.434800 0.000000 0.000000 -1.000000 0.000000 1.000000 0.000000 0.999999 0.000000 0.000000 32123a.dat
1 0 -870.000200 -159.323600 -529.434900 -1.000000 0.000000 0.000000 0.000000 1.000000 0.000000 0.000000 0.000000 -0.999999 6558.dat
1 151 -870.000100 -159.323600 -530.435000 1.000000 0.000000 0.000000 0.000000 1.000000 0.000000 0.000000 0.000000 0.999999 53792.dat
1 151 -880.000000 -118.877000 -489.432400 0.000000 -1.000000 -0.000001 -1.000000 0.000001 0.000000 0.000001 0.000000 -0.999999 32524.dat
1 0 -870.000100 -118.877000 -549.432300 -1.000000 0.000000 0.000000 0.000000 1.000000 0.000000 0.000000 0.000000 -1.000000 2780.dat
1 0 -890.000000 -118.877000 -509.432500 1.000000 0.000000 0.000000 0.000000 -0.971196 -0.238282 0.000000 0.238282 -0.971195 2780.dat
1 72 -900.000000 -138.877000 -509.432500 -0.000001 -1.000000 -0.000001 0.000000 0.000001 -1.000000 1.000000 -0.000001 0.000000 32523.dat
1 0 -890.000000 -118.877000 -529.432600 1.000000 0.000000 0.000000 0.000000 -0.971196 -0.238282 0.000000 0.238282 -0.971195 2780.dat
1 72 -899.999900 -138.877000 -529.432600 -0.000001 -1.000000 -0.000001 0.000000 0.000001 -1.000000 1.000000 -0.000001 0.000000 32523.dat
1 0 -869.999900 -59.785170 -168.756400 0.000000 -1.000000 0.000000 0.999938 0.000000 -0.011182 0.011182 0.000000 0.999936 32136.dat
1 0 -870.000000 -40.010060 -148.534000 -1.000000 0.000000 0.000000 0.000000 0.011182 -0.999938 0.000000 -0.999936 -0.011182 32557.dat
1 71 -869.999900 -80.007550 -148.981300 1.000000 0.000000 0.000000 0.000000 0.999938 -0.011182 0.000000 0.011182 0.999937 41678.dat
1 0 -869.999900 -80.007670 -148.981400 -1.000000 0.000000 0.000000 0.000000 0.999938 0.011182 0.000000 0.011182 -0.999937 32062.dat
1 71 -870.500100 -142.003600 -149.674600 0.000000 -1.000000 0.000000 0.011182 0.000000 0.999938 -0.999936 0.000000 0.011182 3713.dat
1 0 -870.000100 -130.004300 -149.540300 0.000000 0.000000 1.000000 -0.999938 0.011182 0.000000 -0.011182 -0.999936 0.000000 3705.dat
1 0 -870.000000 -100.006200 -149.204900 1.000000 0.000000 0.000000 0.000000 -0.011182 -0.999938 0.000000 0.999936 -0.011182 32039.dat
1 71 -853.000000 -40.233750 -128.535200 0.000000 0.000000 -1.000000 -0.011182 0.999938 0.000000 0.999936 0.011182 0.000000 4185.dat
1 71 -869.999900 -40.233750 -128.535200 -1.000000 0.000000 0.000000 0.000000 0.999938 0.011182 0.000000 0.011182 -0.999937 4519.dat
1 71 -886.999900 -40.233750 -128.535200 0.000000 0.000000 -1.000000 -0.011182 0.999938 0.000000 0.999936 0.011182 0.000000 4185.dat
